38.35407171737081
38.52915466664666
38.734367928260774
38.29489508935451
38.32306867886789
38.95411636099129
38.54672277602846
38.8738528522689
38.610189982352935
38.69649432410408
82.09933995465714
82.6479329009696
82.88477552649384
84.03514068514949
82.41151924750076
83.29314741900993
83.47614428189162
82.96985365318932
82.86788040656238
82.83336925010973
82.25737632742984
82.83336925010973
82.45224073697057
82.98097062083332
82.58348349654374
82.98097062083332
82.74432139931366
83.32021290910797
82.85483751022485
83.37723704492913
80.88664094557501
82.82357677654176
82.93040918856538
82.84006386965436
82.63637375820275
82.46174652158307
82.6895906218076
82.93367808999925
82.11709833765387
82.44507693818221
82.94234415701298
84.49692305445643
82.7072927872184
83.90208958123978
82.7072927872184
83.77772589110965
82.80446501963452
83.82801366991717
83.80060157777504
83.67196537940372
84.00371099000402
83.88987143406015
83.42579260581013
83.48977538976186
83.55844438991578
83.6589336352653
82.961979106578
83.40373822004884
83.76416885259815
83.61744855604312
83.04853458395368
83.61744855604312
82.64763289405676
83.42145938794289
83.28891984097798
83.18136890073754
82.86097339099324
83.46059019545866
83.48598135520095
82.90513410988409
113.93229718138957
115.21946090156568
116.21840806398149
115.0878575649816
114.8517074361959
115.88522291951342
115.94440350291381
116.79813706147371
113.68964420608044
113.8999934977642
113.76053393866776
114.84349498169723
113.96231466347275
114.70461119538648
114.04209079461046
115.05848167984553
115.91356161778297
115.05848167984553
114.67448047808502
115.98881347209766
117.02384651432695
115.80027226390524
115.23523074003066
115.04725306053454
115.7430729936921
113.9758116803495
115.22893945520396
114.44167183477929
115.02352486318574
115.22152920059145
82.71160316540934
82.74441859817074
82.03961250110632
83.95357299663094
83.53862594864438
83.14879004298857
83.34358231519381
83.14879004298857
82.66866520757183
82.42063396707226
82.29238674171681
81.48577777801461
82.04587496985414
81.19238005268998
82.47646662565742
82.92341870534102
82.94331667019186
83.38098478725274
83.57405179453342
82.80633174851091
82.11216134555994
82.03289516223984
81.69340495549025
80.74094676507758
82.07718072584177
82.23249362374483
81.57278899154863
81.17383802991678
82.82608841653989
82.86969680704838
82.8328990039918
81.17383802991678
82.46743406483068
83.38814679280836
82.05670238221322
83.38814679280836
82.17009193345898
82.11948403559383
82.20499917059396
81.43991252009374
82.21395574092335
82.9159275241562
82.36950795439509
82.6282524633321
82.98047885716015
115.06504992924994
113.85788833452986
112.42353842299484
113.50011207422577
112.42041604154578
112.48229970957239
112.82164672595933
112.56702917374906
112.64304876209192
113.46250919950039
111.70788656750989
113.67172525635903
112.89015941934416
113.62906517031692
113.86141101578431
113.82502466790272
114.73381615077234
113.62906517031692
115.2899906180019
114.59896762022034
113.85604659278032
114.39021982132275
113.76543633462248
112.65048656654851
113.85604659278032
112.79579520828561
112.736487371997
114.91024759832261
115.04340110152127
114.90532355106403
114.88517057386039
114.7791002807676
112.89064408088039
112.49154795481606
113.61947240958987
113.5028219161964
113.58764429962689
113.51386651599265
113.7946026446312
113.2531610600681
113.7946026446312
112.61036551530393
113.30603039100208
114.68281570282382
113.30603039100208
112.86735909084521
114.01364159551534
114.66994204326
114.84199636374233
113.55855482475684
113.83388824701885
113.55855482475684
113.65034176959269
113.78302858571081
114.06959464359164
82.01627493277434
82.1560286173471
82.86048691752084
82.79502710824993
82.07042146775404
83.13098731351519
82.5013207042152
82.67844065270474
82.7531936063183
82.40661431637282
82.19354548182142
82.72633111596414
82.72221242945932
80.31565857161287
82.82438605548649
83.4940430214809
83.33749630696285
82.28086386891442
82.64089889080167
82.74435129324048
82.64089889080167
82.1451761487932
81.66578768326836
81.92812413221145
113.7364849359639
112.77027307379774
113.48312728299872
113.95629317612907
114.92891023868076
113.73238108953322
113.64965993591774
113.14979556669111
112.75876319451606
114.04939463291034
114.78554490531066
113.97689739669202
113.90081846562181
113.878464211176
113.68267296048606
113.02366757539912
113.71213570962134
113.9716869599647
113.87393735641348
113.0814854222506
107.78240611706181
114.48979260591186
113.47308631463883
114.83158585257573
113.47308631463883
114.73816249231656
113.47308631463883
113.8491187166585
114.66250638403547
112.86859014422153
114.3481471395053
114.82785455050895
114.3481471395053
115.04741396271744
114.3481471395053
114.79847940372532
114.01007746488003
115.95332468356239
115.39359881131146
115.95332468356239
114.01007746488003
114.09414029220505
114.67196241497035
113.75938787964216
115.08262315400486
114.87706780113736
114.88700100796443
113.71024290486872
114.59077624172821
114.06464024724649
114.73221981880631
114.75447295215444
114.71543408859789
113.54230091818252
113.5049248760693
113.85538740654601
113.5049248760693
114.13827378273794
113.5049248760693
114.62967788198237
113.5049248760693
112.68727273402908
113.74334480479568
114.525751866759
113.6134302828703
114.17935199456517
113.6278045076928
113.81228442832078
113.60517661098514
113.89383093198202
80.74361693661758
82.93839425936547
81.72542572496356
81.65531596191641
81.08611227609634
81.04460921131792
81.12338837040316
80.97239445507952
82.85281617995038
81.61823146747271
82.73441234665404
82.29751511448785
82.73512424002772
82.81931102608428
82.13662969138142
82.1965888815028
82.42210057324307
82.36221715636304
82.2638940489536
83.40279256138244
82.55407414213789
82.9376702199088
82.45719789757793
82.4076969670961
80.33232437221572
82.78888938440659
83.43063563297888
82.63219233568026
83.43063563297888
82.76064427354667
83.43063563297888
82.63219233568026
83.46693049915588
82.82755384780323
83.46693049915588
113.73487281848489
112.81305499081556
113.96506382097365
114.73488895571847
113.60576002345253
114.8149986282541
115.0387646411103
113.5218504412261
114.76849129566064
114.56300125937864
113.59501575878551
113.92640405214058
113.59501575878551
114.56300125937864
113.83551316190852
114.85041329809037
114.86457258927722
113.78768021770024
114.83376535497347
114.93248428270053
115.42649878449969
113.71719289991333
114.04377631226954
114.05233055263905
115.04048815076332
116.18560545249173
115.03053388224545
113.25642819687626
115.03053388224545
113.25642819687626
114.10233738346128
113.74104122229625
114.10233738346128
113.81665435848608
113.52623200846381
112.24247580909639
114.08001666091816
113.45787116119185
114.08001666091816
112.24247580909639
114.57519134237657
115.04577842794097
113.77949467918387
115.04577842794097
115.18271862509657
115.97248843243615
114.97637523028628
115.04577842794097
114.97637523028628
115.11905753821755
114.97637523028628
114.77443754963706
115.07711867963211
114.91965750631695
115.07711867963211
114.77443754963706
115.10112545622957
114.7491900020531
113.78692571083003
114.77443754963706
115.10112545622957
114.77443754963706
113.83461342258447
114.77443754963706
114.16340150250645
114.10359423325059
113.61178092218405
113.38089453118045
113.61178092218405
114.10359423325059
113.95759866477614
82.71160316540934
82.94169995932283
83.98848248736859
83.37432133566143
83.9494753035815
82.83052569073617
82.84550634506614
114.82433371869783
113.92451703587919
114.66288162400089
113.84062510771302
113.54322425241622
114.98679046594657
114.76613754334308
114.95874969195876
114.85286642722212
114.95874969195876
115.95428600387424
115.86404645116089
114.72444781665224
116.00130827673115
114.68425642519861
115.8513317164855
114.84418115631058
114.82590406098551
115.118555071665
113.68781250075882
113.2633330588578
113.89764222783252
112.455383226126
114.39947089747238
115.02955952830048
113.67143157426845
114.73033174901587
115.1795764774023
115.30607012922695
115.86281859067337
116.16627256129941
116.05747807822497
115.87626834222948
115.54240598529512
115.87626834222948
114.53330554740253
115.87626834222948
114.92731316760329
115.20742005414365
115.91443321961586
115.0915824185391
114.35905260175473
114.64735507948457
116.00081623230449
115.89704986342328
117.09962528871753
115.43308630455824
115.9907177791726
114.0419775771028
115.9907177791726
116.28197300678254
116.06076368563566
114.95460683890158
115.83289034038658
116.01580790353523
115.0584981798562
114.58346906337755
115.29060619349619
115.13719538916637
115.0584981798562
114.70827410730443
115.02822956409562
114.18344907606455
115.7491696892858
114.18344907606455
115.16047834254886
116.10076183768129
114.076960547617
116.10076183768129
113.80511586355617
116.10076183768129
114.32743549074173
116.10076183768129
113.94119339977443
114.59361733725449
113.94119339977443
113.64687298815065
114.32778929232664
113.64687298815065
114.86759969643435
113.64687298815065
114.85780487188512
114.93567476945623
114.85780487188512
113.83380390442233
81.47870623638761
113.83380390442233
113.51771007763196
113.82948569425784
114.77571317708234
113.37561739088015
114.52592017185927
114.92687208412937
82.978596229298
82.2897212365179
82.88732848072252
83.47392019186037
82.89924996969846
82.0420002035638
82.7195452378925
81.54570529652096
81.26806328325891
112.18136683516305
111.97624418714555
114.34866918064634
114.72546815228962
113.76235883146427
115.89390214453599
116.02882143553434
115.73995398523601
116.02882143553434
116.466108571819
116.23055650436007
115.78208875861658
116.23055650436007
115.82123518797634
114.67939468630136
114.35902029958207
114.91183118526497
113.72685175096562
113.85071653556804
111.85951940309273
113.50969081102045
113.79307043603697
114.92026574885273
114.72887285729016
114.92026574885273
113.57296534143765
114.92026574885273
115.22256330408588
115.66831406108369
115.10429180566996
116.16980195731969
115.96733979459762
115.02304841206129
113.84417902586347
113.41624424817445
112.52914265196235
113.95081795057538
113.39805873044405
113.95081795057538
112.655128185673
112.85246156677675
112.98512485421851
113.81295349165877
113.91217628364961
113.71391684461307
113.91217628364961
113.81295349165877
114.071592287568
115.01811436012854
114.071592287568
115.01811436012854
114.071592287568
113.8677716076437
114.21819091743917
114.13466439016062
113.88440636849292
112.7094248257225
113.4502499185677
113.79212547029451
113.80217097374268
113.86448647756295
113.88440636849292
113.83277615798006
114.96620166771493
113.83277615798006
114.00301872836606
113.83277615798006
114.00301872836606
113.83277615798006
114.84965104896959
114.0056239767687
114.84965104896959
115.5213790045563
114.84965104896959
116.06930480709785
116.05673499168199
116.05492169503664
114.84965104896959
115.5213790045563
113.88644289762098
115.5213790045563
114.84965104896959
115.5213790045563
114.84965104896959
115.5213790045563
114.84965104896959
115.5213790045563
82.77404728278972
115.5213790045563
114.84965104896959
114.0056239767687
82.71160316540934
82.94169995932283
82.44274304072557
82.79551465042474
82.60467409861538
82.04953469130614
112.69164368269558
112.53641028178298
112.4518128089469
114.87180885910928
114.96622984331897
115.97763546159538
116.15967204157842
115.27959938182184
116.32774085462226
115.82624286980244
115.77863803196729
114.91290560046933
115.17641218609732
115.13229596014008
114.70731419283501
114.94693746058226
114.84979368784927
115.99093392836747
114.55836799164317
115.89156291088304
115.00281677471511
114.81221907178617
114.87796048426884
114.92843967072734
115.24698609013126
114.92843967072734
114.72378248706815
114.69733231995383
113.18614510412395
115.58852312902617
113.18614510412395
112.82225729195201
112.81678746514326
113.60442265499836
112.81678746514326
112.6722694207895
113.71635349662064
115.00366877623941
113.71635349662064
115.00366877623941
113.71635349662064
112.81761499510189
113.71635349662064
112.81761499510189
113.71635349662064
112.81761499510189
113.71635349662064
112.81761499510189
113.77677551589528
112.81761499510189
113.71635349662064
113.64974801714128
113.71635349662064
112.74235096749965
113.71635349662064
112.74235096749965
113.71635349662064
115.00366877623941
113.71635349662064
112.65626232512682
113.71635349662064
112.65626232512682
113.71635349662064
112.43239752038599
112.04710463614326
112.43239752038599
112.04710463614326
112.43239752038599
112.04710463614326
112.59105139554794
112.04710463614326
112.43239752038599
112.04710463614326
113.84005473125782
112.04710463614326
113.84005473125782
112.04710463614326
113.80168611396446
112.04710463614326
113.84005473125782
112.04710463614326
113.92690300903045
112.04710463614326
113.84005473125782
112.04710463614326
113.95076607957115
113.82548260590899
114.73717669889886
114.73138021010976
114.68312710035887
113.86402593712128
113.45819002613985
113.98845677806334
114.68312710035887
82.71160316540934
82.94169995932283
82.82159923874835
82.66241243266695
82.80763096494908
81.61581246309892
115.21895072197442
112.33263966266624
113.62008727429212
114.5370825347653
115.94765356794309
115.87578290200864
115.89166731501395
114.92898450571866
115.16736980370591
114.48388376438685
114.5413154479902
114.9048725062184
115.01050597992177
115.1078350441528
115.23557134738269
114.82170454742682
115.10901339693052
115.01188211098993
115.04675484116572
113.78158498734473
114.30129155517706
112.54724084867871
114.30129155517706
112.90671157716366
114.30129155517706
109.62624243157633
114.30129155517706
109.62624243157633
114.30129155517706
112.54724084867871
109.59466045386992
112.54724084867871
110.62860291568234
112.09446420199879
110.62860291568234
113.56372338517977
110.62860291568234
112.09446420199879
110.62860291568234
113.56372338517977
110.62860291568234
113.56372338517977
110.62860291568234
113.56372338517977
110.62860291568234
113.56372338517977
110.62860291568234
115.12819127343116
115.17468444214977
115.12819127343116
115.17468444214977
115.12819127343116
115.17468444214977
115.12819127343116
115.17468444214977
115.12819127343116
115.17468444214977
115.12819127343116
115.13471184339997
115.12819127343116
115.17468444214977
115.12819127343116
116.15828108238662
115.05736056730623
116.15828108238662
115.05736056730623
116.15828108238662
113.87487387867345
116.15828108238662
113.86230864261695
115.17468444214977
113.86230864261695
114.75112248071977
113.86230864261695
114.75112248071977
115.25190197061907
114.75112248071977
115.25190197061907
114.8123423404937
113.86230864261695
114.75112248071977
115.25190197061907
114.75112248071977
115.25190197061907
114.75112248071977
115.25190197061907
114.86132630515044
108.44508373567048
115.04097443358592
114.88720652663514
114.63664447059787
115.19213381484215
114.63664447059787
109.02388604954997
82.71160316540934
82.94169995932283
82.82159923874835
113.06294978903357
113.72461053148056
113.45612411825839
113.4435507794222
114.752585461296
114.76193488139182
114.57096509577518
112.9528137433063
113.45461202536649
110.80051136565038
111.47964481142088
113.75893510125697
112.77992299192178
113.46190036408198
113.30563147955942
114.89894954190889
114.35323227443817
114.98094167120081
114.78627204204841
115.14697451524104
115.24987133058742
114.6002043789159
114.84156365216303
114.77177219161112
114.64021373525937
114.77177219161112
114.89754304801046
116.3703684066026
114.89754304801046
116.3703684066026
114.89754304801046
115.06566802714579
114.89754304801046
115.06566802714579
114.89754304801046
115.06566802714579
114.89754304801046
115.06566802714579
114.89754304801046
115.06566802714579
114.89754304801046
115.06566802714579
113.31051248583282
115.91030224900715
114.85473169419606
115.06566802714579
114.89754304801046
114.3401036252243
114.89754304801046
115.06566802714579
114.63048746106594
115.06566802714579
114.89754304801046
115.06566802714579
114.63048746106594
115.06566802714579
114.44475484650573
113.65437617594877
113.63200082491717
114.68255816966511
113.92148536075285
114.63362113449404
113.47480474565411
115.09073784093772
113.92148536075285
115.25510508807145
114.86704643603369
115.19589469950782
113.64825015270506
115.75958733903725
114.86704643603369
116.23964846767299
114.77222498834168
116.23964846767299
113.92148536075285
116.23964846767299
113.92148536075285
116.23964846767299
113.92148536075285
116.23964846767299
113.92148536075285
115.81727484509625
113.92148536075285
116.23964846767299
113.92148536075285
114.92363564663921
113.92148536075285
114.92363564663921
113.92148536075285
114.92363564663921
113.92148536075285
114.92363564663921
113.92148536075285
114.92363564663921
113.92148536075285
114.92363564663921
113.92148536075285
82.71160316540934
82.94169995932283
114.12077151122907
113.06294978903357
113.02984166450878
111.62801699393
111.85682847711244
113.6008977489915
112.45881734640656
112.86554005854326
112.80485977873207
113.9320392318774
113.87426676873744
113.70555725311712
115.2443974179603
114.90978079970395
115.15100297097992
114.8427026680329
113.98477898826337
114.092987231437
113.62169951371452
114.99168083035353
114.76390916612475
114.61401203480378
115.02174138429102
113.72775762723231
114.74466956912089
114.67878892606635
115.14435531501736
114.89654641456153
113.37862752192333
114.89654641456153
114.9741772783499
114.51975310840427
112.73335791479448
114.13656940140208
113.59701782981952
112.31969253311398
112.45967257688373
112.31969253311398
111.72296957995289
114.03472283741458
111.72296957995289
114.03472283741458
111.72296957995289
112.71161512335057
114.73921239916245
115.0261410937708
114.87395312881532
114.92012351561505
115.56075755900956
115.0261410937708
114.87395312881532
114.62554658014407
115.83223796505948
114.62319673644859
113.95587695199752
114.62319673644859
113.95587695199752
114.51921975085747
113.95587695199752
115.99010820082594
113.95587695199752
114.62319673644859
113.95587695199752
114.62319673644859
113.95587695199752
114.62319673644859
113.95587695199752
114.62319673644859
113.95587695199752
114.62319673644859
113.95587695199752
114.62319673644859
113.55044059820959
114.62319673644859
113.95587695199752
114.62319673644859
113.95587695199752
113.37827287654541
114.09323220743349
113.37827287654541
114.71154621261668
113.37827287654541
114.06207840170313
112.29643168186516
112.69440719471463
112.19904410553386
111.72434127248816
111.4665625010111
111.72434127248816
112.36308574076207
115.14840513781466
112.36308574076207
111.2329191062624
112.78130693424842
113.63374690532231
112.60513890272823
113.63374690532231
112.60513890272823
82.71160316540934
82.94169995932283
114.12077151122907
113.06294978903357
112.58280769409255
113.76618020645991
115.27903921560265
114.81948160366224
113.907681358178
113.83198365071894
114.76403127784177
114.68641606010094
115.04131960287988
114.10202687407465
115.04131960287988
114.10202687407465
113.6261599478625
113.69871121936431
113.86419690346374
113.78977339645856
114.77346151340707
114.978511747105
114.61961505583028
114.74486142178006
114.19686490981785
114.92239994090063
114.41325086957441
114.92239994090063
114.41325086957441
114.92239994090063
114.41325086957441
114.92239994090063
113.43474927402953
114.92239994090063
114.41325086957441
114.92239994090063
114.41325086957441
114.92239994090063
114.41325086957441
114.92239994090063
114.41325086957441
114.92239994090063
114.59078916384605
114.89878750870757
114.59078916384605
114.89878750870757
114.59078916384605
114.89878750870757
114.59078916384605
115.90026098814796
114.9605170493709
115.90026098814796
114.67632992913931
114.61466403295442
114.67632992913931
113.88385902883918
114.94832808779852
113.88385902883918
114.94832808779852
113.88385902883918
115.0397017150512
114.08387422902136
115.0397017150512
113.95073932593041
113.45330190970704
113.48787105171195
113.45330190970704
113.95073932593041
114.68067258191526
113.64582240857469
114.68067258191526
113.82000486528426
113.01615638636092
113.82000486528426
113.01615638636092
113.82000486528426
113.6875580712926
112.83947755809537
113.6875580712926
112.54262440117417
113.6875580712926
113.64582947344614
113.6875580712926
112.83947755809537
114.88404638225681
112.83947755809537
113.35158836626772
113.931393150741
113.35158836626772
114.9269277925857
113.35158836626772
114.02055151787185
113.35158836626772
114.58569597306837
113.3961301863847
114.58569597306837
113.3961301863847
114.58569597306837
113.35158836626772
114.02055151787185
82.71160316540934
113.00108957311913
113.91657576048503
113.7390078350555
114.10234252376442
114.75571598890988
113.82096623410983
115.01853910003575
114.92046347601334
115.1987847402048
114.24223606404823
113.49643676254946
115.15630719852008
114.90112500603658
115.9479180557283
114.48977894861693
114.83285350423048
114.82368472815281
114.76550726976009
114.79082259137147
113.95896958080309
114.82909385824625
114.14354938459309
115.42805597867043
114.14354938459309
115.42805597867043
114.14354938459309
115.42805597867043
114.14354938459309
115.42805597867043
114.14354938459309
115.42805597867043
114.14354938459309
115.42805597867043
113.89057560760665
115.42805597867043
114.14354938459309
115.42805597867043
114.75991383154326
115.42805597867043
114.14354938459309
115.42805597867043
114.75991383154326
115.42805597867043
114.84118459886605
113.5544004824403
114.84118459886605
112.48648112457096
114.84118459886605
113.10508637203009
115.03199721361676
113.10508637203009
114.84118459886605
113.10508637203009
114.3811198704466
113.10508637203009
114.3811198704466
113.10508637203009
114.3811198704466
113.10508637203009
114.84118459886605
112.48648112457096
113.62522949858949
112.48648112457096
114.84118459886605
113.12350808018378
114.84118459886605
113.5544004824403
114.84118459886605
112.48648112457096
114.84118459886605
113.5544004824403
114.84118459886605
113.5544004824403
114.84118459886605
113.54405565088022
114.84118459886605
113.10508637203009
114.02497110426494
114.3305791026754
112.86163197711201
114.3305791026754
112.86163197711201
114.3305791026754
112.86163197711201
113.6272894298434
114.61241651140509
113.6272894298434
114.7143733037328
113.6272894298434
114.61241651140509
113.6272894298434
114.57962970436785
114.82183882103924
114.57962970436785
113.00868798129896
114.57962970436785
114.66038708731338
114.57962970436785
115.0938410749096
82.71160316540934
113.00108957311913
114.12077151122907
113.06294978903357
112.58280769409255
113.76618020645991
114.97412892582794
115.03396174077041
114.86467147793168
114.6616654422031
113.57568397101068
113.95311113001269
114.65088946386555
114.7539155208976
114.33393451378512
113.83100634222656
114.8503859429298
113.93494600933718
114.81429345719309
114.93261131361473
113.74994661961817
113.98663937245595
114.03487643386427
113.98663937245595
114.03487643386427
113.98663937245595
114.03487643386427
113.98663937245595
114.03487643386427
113.98663937245595
114.03487643386427
113.98663937245595
114.03487643386427
113.98663937245595
114.03487643386427
113.75479677537346
114.03487643386427
113.98663937245595
114.03487643386427
113.98663937245595
114.03487643386427
113.98663937245595
114.03487643386427
114.75789771404739
113.95559643952217
114.75789771404739
113.8286994619336
114.75789771404739
113.8286994619336
114.75789771404739
113.25723919612285
114.95670072187593
114.62245893362598
114.78953392297736
112.2271239749671
114.0696128277461
113.25723919612285
114.90115701573983
113.9539854795111
112.86476874964801
113.9539854795111
112.86476874964801
113.9539854795111
112.86476874964801
113.9539854795111
112.86476874964801
113.9539854795111
112.86476874964801
113.9539854795111
113.31035291888372
113.9539854795111
112.93899714897627
113.9539854795111
112.93899714897627
113.9539854795111
112.93899714897627
113.9539854795111
114.05487703899792
114.80045479541846
113.57848534063507
114.80045479541846
113.83075653679029
114.80045479541846
113.83075653679029
114.80045479541846
113.57848534063507
114.80045479541846
113.57848534063507
114.80045479541846
113.57848534063507
114.80045479541846
113.57848534063507
114.80045479541846
113.57848534063507
114.80045479541846
113.57848534063507
114.80045479541846
113.57848534063507
114.0619828011871
113.57848534063507
82.71160316540934
113.00108957311913
114.12077151122907
113.06294978903357
112.58280769409255
113.76618020645991
114.98912297828413
112.18757474746766
114.86467147793168
113.1023595713063
113.97776658361343
113.80659015057977
114.64592459055356
114.8956772070134
113.9503950102887
112.96128858089678
113.9228201994454
113.91980399622686
114.65075749280061
115.07905518299638
113.66154518006152
115.07905518299638
113.66154518006152
115.07905518299638
113.68849147472673
114.72689363438677
113.68849147472673
113.42275589995529
113.68849147472673
114.00316714845195
114.59627763113278
114.00316714845195
114.59627763113278
114.00316714845195
114.59627763113278
112.35012753291967
114.60837068571162
114.80990769804137
114.60837068571162
114.80990769804137
113.98321272444186
113.86984530769865
114.68502580064829
114.04654883069225
112.98203948530413
112.66151984013884
113.43197915985529
112.66151984013884
112.98203948530413
113.31721840165312
113.5978726974082
113.31721840165312
113.69483694945161
113.31721840165312
114.18741380133626
113.7114658550066
113.97179602241985
113.7114658550066
113.6470269808503
113.7114658550066
113.11924377279797
113.7114658550066
113.11924377279797
113.7114658550066
113.11924377279797
113.7114658550066
113.6470269808503
113.94283724471909
113.6470269808503
113.7114658550066
114.78739718823715
113.7114658550066
113.11924377279797
113.7114658550066
113.11924377279797
113.7114658550066
113.97179602241985
113.7114658550066
113.97179602241985
113.7114658550066
113.11924377279797
113.7114658550066
113.11924377279797
113.7114658550066
113.54604424061621
79.98281578669416
113.54604424061621
113.7114658550066
113.54604424061621
113.9174135895975
113.54604424061621
112.78213296134798
113.54604424061621
113.9174135895975
113.54604424061621
113.9174135895975
113.54604424061621
112.53976729274072
113.9371631444217
112.53976729274072
82.71160316540934
113.00108957311913
114.12077151122907
113.06294978903357
112.58280769409255
113.76618020645991
114.98912297828413
112.18757474746766
114.86467147793168
113.1023595713063
113.3562022407614
113.72762702583448
113.86039481206616
113.3750548429343
114.88391047069678
113.95526078208489
113.71826157408684
114.87870190727212
113.94264610655947
114.61161530694537
113.81412040856168
114.61161530694537
114.55308999865784
112.73341893765945
114.55308999865784
113.50338868455476
114.55308999865784
112.73341893765945
114.55308999865784
113.1058894675777
114.55308999865784
113.1058894675777
114.55308999865784
113.1058894675777
114.55308999865784
113.1058894675777
114.55308999865784
113.1058894675777
114.55308999865784
113.64583996237288
113.62214084717604
113.83775554377313
113.62214084717604
112.8960224241846
113.0408896515492
112.8960224241846
113.0408896515492
112.8960224241846
113.0408896515492
112.8960224241846
113.0408896515492
112.8960224241846
112.0629960929356
113.26210688363646
112.0629960929356
113.26210688363646
112.0629960929356
113.59947994388381
112.0629960929356
112.35346846643378
112.0629960929356
113.26210688363646
112.26823999646781
113.26210688363646
112.0629960929356
113.59947994388381
112.27684574523286
111.52947267104017
112.73607207756994
113.59947994388381
112.27684574523286
113.59947994388381
112.27684574523286
113.59947994388381
112.26823999646781
113.59947994388381
112.26823999646781
113.59947994388381
112.26823999646781
113.53971071886137
112.26823999646781
113.74016464335912
112.26823999646781
111.40125020775676
113.82272105121781
111.40125020775676
112.26823999646781
113.59947994388381
112.26823999646781
113.63884325554943
114.0891064679722
113.63884325554943
114.0891064679722
113.63884325554943
114.31732742592419
113.63884325554943
112.76218046477112
113.63884325554943
112.76218046477112
113.63884325554943
81.57318740095322
82.06666517650496
82.75658768933386
112.18349857795648
112.67786657685073
112.13403186632281
114.55142159260754
113.99518283767807
113.8553185852526
113.94898569550234
114.14284244357866
115.18415947738097
114.6670039056817
113.71512017252708
114.81742145000226
114.68135233218996
114.9658417299817
114.60057601154149
113.65695884820694
114.43411287506815
114.89720559863613
115.12009926849038
114.87566713021747
114.24512441472245
114.87566713021747
113.79025285980563
114.46477485159487
114.6424445835583
114.46477485159487
114.6424445835583
114.46477485159487
114.6424445835583
114.46477485159487
113.93618076676827
114.46477485159487
114.6424445835583
112.80428185291316
114.6424445835583
112.80428185291316
114.6424445835583
112.80428185291316
114.6424445835583
112.80428185291316
114.6424445835583
112.80428185291316
114.6424445835583
112.80428185291316
113.44096485141527
112.80428185291316
111.9694435192172
112.80428185291316
113.44096485141527
114.19785928543395
113.44096485141527
112.80428185291316
113.84823188278295
114.87802413720621
114.69843545815321
114.87802413720621
114.69843545815321
114.87802413720621
114.69843545815321
114.87802413720621
113.84823188278295
114.94123954783146
114.68609421839005
114.94123954783146
114.68609421839005
114.94123954783146
114.68609421839005
115.28662319995392
114.03862915638648
115.28662319995392
114.03862915638648
115.88641231272827
114.03862915638648
113.88600368008869
114.03862915638648
115.28662319995392
115.90334034304169
115.28662319995392
114.03862915638648
115.28662319995392
114.03862915638648
115.28662319995392
113.96411102141543
115.28662319995392
113.96411102141543
115.28662319995392
113.96411102141543
115.28662319995392
113.96411102141543
115.28662319995392
116.16387553160784
115.1535225490654
116.16387553160784
115.1535225490654
116.16387553160784
114.99943075465387
116.16387553160784
82.71160316540934
113.00108957311913
114.12077151122907
113.06294978903357
112.58280769409255
113.76618020645991
114.98912297828413
112.18757474746766
114.86467147793168
114.6616654422031
114.71640173658854
114.67493500240525
113.42589915050324
114.10532136610294
113.04949072108838
114.10072371099068
113.53895278425122
113.96487862330186
113.82019060196163
114.76677073400788
113.82019060196163
115.28460898146987
114.65746310667024
115.91379333344275
114.65746310667024
115.91379333344275
114.65746310667024
115.91379333344275
114.65746310667024
115.91379333344275
114.65746310667024
115.02664716896133
114.78462021747431
115.02664716896133
116.14865686607565
116.4610125279872
115.83604242815099
116.4610125279872
116.14865686607565
113.80150689042812
116.14865686607565
115.77109721836601
116.14865686607565
114.53096055232844
114.85208092622734
114.53096055232844
115.23258197223514
115.43092979071488
115.23258197223514
115.43092979071488
115.23258197223514
115.43092979071488
113.55927691655772
114.5766574800076
113.55927691655772
114.5766574800076
113.55927691655772
114.5766574800076
114.89662282359909
114.5766574800076
114.89662282359909
114.5766574800076
114.89662282359909
114.5766574800076
114.938634599835
115.90852401248728
114.83881659336394
115.16312537728504
114.83881659336394
115.16312537728504
114.83881659336394
113.95133476722914
115.02353267954683
113.95133476722914
115.08559340632613
113.95133476722914
115.17996374994225
113.95133476722914
115.08559340632613
113.95133476722914
112.95780936519157
113.95133476722914
112.95780936519157
113.95133476722914
115.08559340632613
115.50614010770946
113.55572995606302
113.95133476722914
115.17996374994225
113.95133476722914
115.17996374994225
114.79785309012087
115.17996374994225
114.79785309012087
115.17996374994225
114.79785309012087
115.17996374994225
114.79785309012087
115.17996374994225
114.79785309012087
114.55785779156955
113.00108957311913
114.12077151122907
113.06294978903357
113.91236622846995
113.76618020645991
114.98912297828413
114.02177386656295
113.22497610082256
113.45287106037108
114.0440345743016
113.52323430355244
115.04110813175133
115.16105617055095
115.05957997208667
114.10072371099068
115.98718323263714
115.06241627128173
114.89315578349428
115.18754468636595
115.00294311549679
113.98886119669399
113.55813615835527
113.98886119669399
113.55813615835527
113.98886119669399
113.55813615835527
113.98886119669399
113.02091552184093
113.9680027031317
113.02091552184093
115.09670476821735
114.55181237081962
115.09670476821735
114.85209785365757
114.80839412063676
114.85209785365757
115.13478794560667
115.53234999027035
115.13478794560667
116.13100421699647
115.13478794560667
115.27364676793998
115.13478794560667
116.13100421699647
115.13478794560667
116.19472995241951
115.13478794560667
115.91719728343939
116.00901933463439
115.91719728343939
115.8661453495329
115.91719728343939
115.12644986739133
115.91719728343939
115.8661453495329
115.91719728343939
114.97417493938366
115.91719728343939
114.97417493938366
115.91719728343939
114.97417493938366
115.91719728343939
114.97417493938366
115.91719728343939
114.97417493938366
115.23366766294947
114.88066980708098
115.04617621066502
114.88066980708098
115.04617621066502
114.88066980708098
115.04617621066502
114.88066980708098
115.04617621066502
115.22133717249714
115.04617621066502
113.45931567181212
114.74579996815946
113.45931567181212
115.7557823024741
113.45931567181212
115.7557823024741
113.45931567181212
115.7557823024741
113.45931567181212
116.00870448533577
113.45931567181212
116.00870448533577
113.45931567181212
116.00870448533577
113.45931567181212
116.00870448533577
113.45931567181212
115.7557823024741
113.45931567181212
115.7557823024741
113.45931567181212
115.7557823024741
113.45931567181212
114.55785779156955
113.00108957311913
114.12077151122907
113.06294978903357
113.91236622846995
113.76618020645991
114.8762421310434
114.72964917099895
114.60449814590577
114.57295056399099
114.6318719446631
114.84386954432908
115.01790271717883
113.97594503663605
114.8826786151434
115.11240440592154
113.94608805188162
115.07091642014072
115.13163335018541
115.07091642014072
115.13163335018541
115.07091642014072
115.13163335018541
115.07091642014072
115.13163335018541
115.07091642014072
115.13163335018541
115.07091642014072
115.13163335018541
115.07091642014072
115.13163335018541
115.07091642014072
115.13163335018541
115.07091642014072
115.13163335018541
115.07091642014072
115.13163335018541
115.07091642014072
115.13163335018541
115.07091642014072
115.13163335018541
115.07091642014072
115.13163335018541
115.07091642014072
115.13163335018541
115.07091642014072
115.13163335018541
115.07091642014072
115.13163335018541
115.07091642014072
115.13163335018541
115.07091642014072
115.13163335018541
115.07091642014072
115.13163335018541
115.07091642014072
115.13163335018541
115.07091642014072
115.13163335018541
115.07091642014072
115.13163335018541
115.07091642014072
115.13163335018541
115.07091642014072
115.13163335018541
115.07091642014072
115.13163335018541
115.07091642014072
115.13163335018541
115.07091642014072
115.13163335018541
115.07091642014072
115.13163335018541
115.07091642014072
115.13163335018541
115.07091642014072
115.13163335018541
115.07091642014072
115.13163335018541
115.07091642014072
115.13163335018541
115.07091642014072
115.13163335018541
115.07091642014072
115.13163335018541
115.07091642014072
115.13163335018541
115.07091642014072
115.13163335018541
115.07091642014072
115.13163335018541
115.07091642014072
115.13163335018541
115.07091642014072
115.13163335018541
115.07091642014072
115.13163335018541
115.07091642014072
115.13163335018541
115.07091642014072
114.96871873138076
114.74519581619533
113.91657576048503
113.7390078350555
114.86168430938694
114.75571598890988
114.85712458744942
114.16705645735169
114.84321009326297
114.80796509151556
114.6318719446631
113.7900491129857
113.9405983626821
113.7900491129857
113.9405983626821
113.7900491129857
115.46435924661645
114.93777793114559
115.46435924661645
114.93777793114559
115.46435924661645
114.93777793114559
115.46435924661645
114.93777793114559
115.46435924661645
114.31349691162863
115.10316196543081
114.31349691162863
114.90939639196081
114.04028535959235
113.72314244447671
113.99439200352732
113.72314244447671
113.99439200352732
113.72314244447671
115.160250166936
114.73826003296622
115.0171335871022
114.92977375384882
115.0171335871022
115.29271848595431
114.67528409108311
116.08467220437244
114.67528409108311
116.08467220437244
114.67528409108311
116.08467220437244
114.67528409108311
115.09961972992649
114.88770687785022
115.09961972992649
115.19275653788866
116.32651766869054
114.04061088952083
113.59789492504055
114.04061088952083
113.59789492504055
114.04061088952083
113.59789492504055
114.04061088952083
113.59789492504055
114.04061088952083
115.17324814194373
116.09458752973953
115.17324814194373
116.09458752973953
115.17324814194373
114.96318053760255
115.17324814194373
114.96318053760255
115.17324814194373
114.96318053760255
115.17324814194373
114.96318053760255
115.17324814194373
114.96318053760255
115.17324814194373
114.96318053760255
115.17324814194373
115.21169758142483
116.14886774088015
115.21169758142483
116.14886774088015
115.21169758142483
116.14886774088015
115.21169758142483
116.14886774088015
115.21169758142483
116.14886774088015
115.21169758142483
116.14886774088015
115.21169758142483
116.14886774088015
115.12661459863035
116.14886774088015
116.85347387541965
114.97178089588175
115.9998413618522
114.97178089588175
115.9998413618522
114.55785779156955
113.00108957311913
114.12077151122907
113.06294978903357
113.91236622846995
113.76618020645991
115.11052290619794
114.75442732855416
113.59426778375283
113.81076553327335
114.0440345743016
113.68844864760166
113.74341845459081
113.71403460520125
116.11759165020784
115.98712638733736
115.63503712465923
116.09116502404993
115.05950778600747
114.95574431821531
114.13575429370749
114.95574431821531
114.60820541478436
114.98507869417527
113.17325225368258
113.53588511665755
113.17325225368258
113.53588511665755
113.17325225368258
113.53588511665755
113.17325225368258
113.79103222746461
113.7281189937711
114.96738836377378
114.96331205365298
115.0862725604306
114.96331205365298
115.0862725604306
114.96331205365298
115.0862725604306
114.96331205365298
115.0862725604306
114.96331205365298
115.0862725604306
114.96331205365298
114.69807766423173
114.96331205365298
115.04768707572784
114.89726147151707
115.04768707572784
114.89726147151707
115.04768707572784
114.89726147151707
114.89095000289633
115.10964497114387
115.04768707572784
114.89726147151707
115.04768707572784
114.89726147151707
115.04768707572784
114.89726147151707
115.04768707572784
115.09607864635706
115.04768707572784
115.09607864635706
115.04768707572784
115.09607864635706
115.04768707572784
115.09607864635706
115.04768707572784
115.09607864635706
115.04768707572784
115.09607864635706
115.04768707572784
115.09607864635706
115.04768707572784
115.09607864635706
115.04768707572784
115.09607864635706
114.9501034896284
115.09607864635706
115.04768707572784
115.09607864635706
115.04768707572784
115.09607864635706
115.04768707572784
115.09607864635706
115.04768707572784
115.09607864635706
115.04768707572784
115.09607864635706
115.04768707572784
115.09607864635706
115.04768707572784
115.09607864635706
113.5843495266552
115.09607864635706
115.04768707572784
115.09607864635706
114.60030491890677
114.55785779156955
113.00108957311913
114.12077151122907
113.06294978903357
113.91236622846995
112.24244463714797
113.8324214274057
114.90073786605682
115.09829069021144
114.57521755913189
115.59173431999858
116.08876363025253
114.9361648200938
119.3366833847577
116.16602803602747
115.99472281764126
116.30948221525624
116.27201946217521
117.17690468435124
116.27201946217521
117.17690468435124
116.27201946217521
117.17690468435124
116.27201946217521
117.17690468435124
116.27201946217521
117.17690468435124
116.27201946217521
117.17690468435124
116.27201946217521
117.3681351095582
117.26138973492317
117.3681351095582
117.26138973492317
117.3681351095582
117.26138973492317
117.3681351095582
117.26138973492317
117.3681351095582
117.26138973492317
117.3681351095582
117.26138973492317
117.3681351095582
117.26138973492317
117.3681351095582
117.26138973492317
117.3681351095582
117.26138973492317
117.3681351095582
117.26138973492317
117.3681351095582
117.26138973492317
117.3681351095582
117.26138973492317
117.3681351095582
117.26138973492317
117.3681351095582
117.26138973492317
117.3681351095582
117.26138973492317
117.3681351095582
117.26138973492317
117.3681351095582
117.26138973492317
117.3681351095582
117.26138973492317
117.3681351095582
117.26138973492317
117.3681351095582
117.26138973492317
117.3681351095582
117.26138973492317
117.3681351095582
117.26138973492317
117.3681351095582
117.26138973492317
117.3681351095582
117.26138973492317
117.3681351095582
117.26138973492317
117.3681351095582
117.26138973492317
117.3681351095582
117.26138973492317
117.3681351095582
117.26138973492317
117.3681351095582
117.26138973492317
117.3681351095582
117.26138973492317
117.3681351095582
117.26138973492317
117.3681351095582
117.26138973492317
117.22977531683111
117.218887696733
117.3681351095582
117.26138973492317
117.3681351095582
117.26138973492317
114.96871873138076
114.74519581619533
113.91657576048503
113.7390078350555
114.86168430938694
113.19322236305592
114.69604648719373
114.84534703499678
115.23047688032798
114.7982085978681
116.03147718001244
117.13235462678536
117.27049016518028
117.13235462678536
117.27049016518028
117.13235462678536
117.27049016518028
117.13235462678536
117.27049016518028
117.13235462678536
117.27049016518028
117.13235462678536
117.27049016518028
117.13235462678536
117.27049016518028
117.13235462678536
117.27049016518028
117.13235462678536
117.27049016518028
117.13235462678536
117.27049016518028
117.13235462678536
117.27049016518028
117.13235462678536
117.27049016518028
117.13235462678536
117.27049016518028
117.13235462678536
117.27049016518028
117.13235462678536
117.27049016518028
117.13235462678536
117.27049016518028
117.13235462678536
117.27049016518028
117.13235462678536
117.27049016518028
117.13235462678536
117.27049016518028
117.13235462678536
117.27049016518028
117.13235462678536
117.27049016518028
117.13235462678536
117.27049016518028
117.13235462678536
116.38026705564799
116.24952898715324
116.30099453505566
116.24952898715324
116.30099453505566
116.24952898715324
116.30099453505566
116.24952898715324
116.30099453505566
116.24952898715324
116.30099453505566
116.24952898715324
116.30099453505566
116.24952898715324
116.30099453505566
116.24952898715324
116.30099453505566
116.24952898715324
116.30099453505566
116.24952898715324
116.30099453505566
116.24952898715324
116.30099453505566
116.24952898715324
116.30099453505566
116.24952898715324
116.30099453505566
116.24952898715324
116.30099453505566
116.24952898715324
116.30099453505566
116.24952898715324
116.30099453505566
116.24952898715324
116.30099453505566
116.24952898715324
116.30099453505566
116.24952898715324
116.30099453505566
116.24952898715324
116.30099453505566
116.24952898715324
116.30099453505566
116.24952898715324
114.55785779156955
113.00108957311913
114.12077151122907
113.06294978903357
113.91236622846995
112.24244463714797
113.8324214274057
114.90073786605682
115.30671955029345
117.05491120102435
116.8863408841376
117.05491120102435
116.8863408841376
117.05491120102435
116.8863408841376
117.05491120102435
116.8863408841376
117.05491120102435
116.8863408841376
117.05491120102435
116.8863408841376
117.05491120102435
116.8863408841376
117.05491120102435
116.8863408841376
117.05491120102435
116.8863408841376
117.05491120102435
116.8863408841376
117.05491120102435
116.8863408841376
117.05491120102435
116.8863408841376
117.05491120102435
116.8863408841376
117.05491120102435
116.8863408841376
117.05491120102435
116.8863408841376
117.05491120102435
116.8863408841376
117.05491120102435
117.3264623135796
117.28227345198046
117.3264623135796
117.03118183962346
116.94209750645236
117.38616816351225
116.16602650927615
117.5720667750483
116.16602650927615
117.5720667750483
116.16602650927615
117.5720667750483
116.16602650927615
117.5720667750483
116.16602650927615
117.5720667750483
116.16602650927615
117.5720667750483
116.16602650927615
117.5720667750483
116.16602650927615
117.5720667750483
116.16602650927615
117.5720667750483
116.16602650927615
117.5720667750483
116.16602650927615
117.5720667750483
116.16602650927615
117.5720667750483
116.16602650927615
117.5720667750483
116.16602650927615
117.5720667750483
116.16602650927615
117.5720667750483
116.16602650927615
117.1175702181925
116.17376388805225
117.1020085924064
116.07580178623587
117.07038908075975
115.45883314414037
117.47033337768403
117.1917560064673
117.21717352869011
117.1917560064673
117.21717352869011
117.1917560064673
117.2007277300482
115.67193293718071
117.2007277300482
117.23516832993725
116.16450353113488
117.23516832993725
116.16450353113488
117.23516832993725
116.16450353113488
114.55785779156955
113.00108957311913
114.12077151122907
113.06294978903357
113.91236622846995
112.24244463714797
113.8324214274057
114.90073786605682
114.95098212779735
117.71065113662773
116.08016170081532
116.35989588705333
116.47725683193286
116.08959221894152
117.02197778843403
116.29036908558845
117.0985249969869
117.04773219664506
116.39326199340732
115.90460371470859
117.15726858630677
115.90460371470859
117.15726858630677
115.90460371470859
117.22098785978844
117.25617004699141
116.30705217809414
117.25617004699141
117.25995237760777
117.23582951444448
117.25995237760777
117.23582951444448
117.25995237760777
116.19026274795313
117.25995237760777
116.19026274795313
117.25995237760777
116.19026274795313
117.25995237760777
117.23582951444448
117.25995237760777
117.23582951444448
117.25995237760777
117.23582951444448
117.25995237760777
117.23582951444448
117.25995237760777
117.42813106612626
117.25995237760777
117.42813106612626
117.25995237760777
117.42813106612626
117.25995237760777
117.42813106612626
117.25995237760777
117.42813106612626
117.25995237760777
117.42813106612626
117.25995237760777
117.42813106612626
117.25995237760777
117.42813106612626
117.25995237760777
117.42813106612626
117.25995237760777
117.42813106612626
117.25995237760777
117.42813106612626
117.25995237760777
117.42813106612626
117.25995237760777
117.42813106612626
117.25995237760777
117.42813106612626
117.25995237760777
117.42813106612626
117.25995237760777
117.42813106612626
117.25995237760777
115.84046417016431
117.14309462045308
115.84046417016431
117.34319810024296
115.84046417016431
117.34319810024296
115.84046417016431
117.34319810024296
115.84046417016431
117.14309462045308
115.84046417016431
117.14309462045308
115.84046417016431
117.34319810024296
115.84046417016431
117.34319810024296
115.84046417016431
117.34319810024296
115.84046417016431
117.34319810024296
115.84046417016431
114.96871873138076
114.74519581619533
113.91657576048503
113.7390078350555
114.86168430938694
113.19322236305592
114.69604648719373
114.84534703499678
114.83006234502002
115.7798832116381
116.53577504182083
116.23322271893595
116.47725683193286
116.08959221894152
117.30875015599219
115.50573470611006
115.97612102403329
116.26995097520548
115.97612102403329
116.26995097520548
115.97612102403329
116.26995097520548
115.97612102403329
116.63863006975917
116.32547317244368
116.63863006975917
116.32547317244368
116.63863006975917
116.98596397515657
117.47112786879548
116.35812997593295
117.47112786879548
118.26908527466229
117.08444169788693
118.26908527466229
117.08444169788693
118.26908527466229
117.08467520464622
116.39275075989258
116.23112170888596
116.39275075989258
116.23112170888596
116.39275075989258
117.09483637285963
116.39275075989258
117.09483637285963
116.39275075989258
117.09483637285963
116.39275075989258
116.23112170888596
116.39275075989258
117.09483637285963
116.39275075989258
117.09483637285963
116.39275075989258
117.09483637285963
116.39275075989258
117.09483637285963
116.39275075989258
117.09483637285963
116.39275075989258
117.09483637285963
116.39275075989258
117.09483637285963
116.39275075989258
117.09483637285963
116.39275075989258
117.64282113722686
114.23337635806276
117.64282113722686
114.23337635806276
117.64282113722686
114.23337635806276
117.64282113722686
116.23940198092173
117.64282113722686
116.23940198092173
117.64282113722686
116.23940198092173
117.64282113722686
116.08955533364485
117.64282113722686
116.08955533364485
117.64282113722686
116.08955533364485
117.64282113722686
116.08955533364485
117.64282113722686
116.08955533364485
117.64282113722686
116.08955533364485
117.64282113722686
116.08955533364485
117.64282113722686
116.08955533364485
117.64282113722686
116.08955533364485
117.64282113722686
116.08955533364485
117.64282113722686
114.55785779156955
113.00108957311913
114.12077151122907
114.40172738603465
113.91236622846995
112.24244463714797
113.8324214274057
114.90073786605682
114.4860665543384
116.19707445936336
117.18170687275348
116.41773744075476
116.29797018979437
115.95217775932628
116.97015410284894
117.22349105202755
116.5388668303913
116.16169451744899
115.81621861971453
116.17626877407116
115.47259317057845
116.17626877407116
115.47259317057845
116.17626877407116
116.07410712934254
116.28520869199288
116.07410712934254
116.0204190208836
115.24283583548385
116.0204190208836
116.271372776863
116.0204190208836
116.271372776863
116.0204190208836
116.271372776863
116.0204190208836
116.271372776863
116.0204190208836
116.06456488919584
116.0204190208836
116.271372776863
116.0204190208836
115.24283583548385
116.0204190208836
115.24283583548385
116.0204190208836
116.271372776863
116.59139129288018
116.271372776863
116.59139129288018
116.271372776863
116.59139129288018
116.271372776863
116.34990117188555
116.271372776863
116.34990117188555
116.271372776863
116.40155312988888
116.32409556805267
116.40155312988888
116.32409556805267
116.40155312988888
116.32409556805267
117.06478890142714
116.32409556805267
116.55862505257967
114.45353559094491
116.55862505257967
114.45353559094491
116.55862505257967
114.45353559094491
116.55862505257967
117.36439521948013
116.55862505257967
116.17014765455582
117.3290254001717
116.17014765455582
117.3290254001717
116.17014765455582
117.3290254001717
116.17014765455582
117.3290254001717
116.17014765455582
117.3290254001717
116.17014765455582
117.3290254001717
116.17014765455582
117.3290254001717
116.17014765455582
117.3290254001717
116.17014765455582
117.3290254001717
116.17014765455582
117.3290254001717
116.17014765455582
117.3290254001717
116.17014765455582
117.3290254001717
116.17014765455582
117.3290254001717
114.55785779156955
113.00108957311913
114.12077151122907
114.40172738603465
113.91236622846995
112.24244463714797
114.66275745274261
116.08641474551973
117.04387315463308
117.06722106485107
117.05739529278398
116.93020587747755
116.2589528343252
116.30806250231242
116.25068124102333
115.88471552289123
116.23211502684545
115.88471552289123
115.79538281565976
116.04422878345689
115.79538281565976
115.01704745293404
114.91700547530189
115.01704745293404
115.93636376996821
117.24539655715056
115.93636376996821
117.24539655715056
115.93636376996821
117.24539655715056
115.93636376996821
117.24539655715056
115.93636376996821
117.13906532869356
116.201117692464
117.13906532869356
116.201117692464
117.13906532869356
116.201117692464
117.13906532869356
116.201117692464
117.13906532869356
115.7128057266942
116.21403607018497
115.7128057266942
117.44251709172997
115.7128057266942
117.44251709172997
115.7128057266942
116.07681852872133
115.7128057266942
116.07681852872133
115.7128057266942
116.17555978635987
115.727300012455
116.17555978635987
115.727300012455
116.17555978635987
115.727300012455
116.17555978635987
115.727300012455
116.17555978635987
115.727300012455
116.17555978635987
115.727300012455
116.17555978635987
115.727300012455
116.17555978635987
115.727300012455
114.93291458888959
115.727300012455
114.93291458888959
115.727300012455
114.93291458888959
115.727300012455
114.93291458888959
115.727300012455
114.93291458888959
115.14388034308065
114.93291458888959
115.14388034308065
114.93291458888959
115.30413713551073
114.85006799747977
115.30413713551073
114.85006799747977
115.30413713551073
114.85006799747977
115.30413713551073
114.85006799747977
115.30413713551073
114.85006799747977
115.30413713551073
114.85006799747977
115.30413713551073
114.85006799747977
115.30413713551073
117.17393427623846
115.30413713551073
114.85006799747977
114.55785779156955
113.00108957311913
114.12077151122907
114.40172738603465
113.91236622846995
112.24244463714797
117.28406952154977
116.08641474551973
117.04387315463308
117.05491120102435
116.10663638454007
116.24252157518133
116.98733340168297
117.25208093477644
116.46943996082004
117.1790651910009
116.46943996082004
117.1790651910009
116.46943996082004
117.09930535819443
115.9546102450485
117.09930535819443
115.9546102450485
117.09930535819443
115.9546102450485
117.09930535819443
115.9546102450485
117.09930535819443
116.52984240175505
116.12936158759798
116.52984240175505
116.26806012041446
114.84236296630422
116.26806012041446
115.07032497767186
116.26806012041446
115.07032497767186
116.26806012041446
115.07032497767186
116.26806012041446
115.99042054768775
114.92421088564267
115.99042054768775
114.98275418390392
115.99042054768775
114.92421088564267
115.99042054768775
114.69985012495549
115.99042054768775
114.98275418390392
112.18535907799173
114.98275418390392
112.18535907799173
114.98275418390392
113.85023484684237
114.87101791389672
113.85023484684237
114.80483868554506
114.76163976423311
116.11326288639843
114.76163976423311
116.08614615981017
114.76163976423311
116.08614615981017
114.76163976423311
116.08614615981017
114.76163976423311
114.80483868554506
117.47747459737852
114.80483868554506
117.47747459737852
114.80483868554506
117.47747459737852
114.80483868554506
117.47747459737852
114.80483868554506
117.47747459737852
114.80483868554506
115.77478612408673
114.80483868554506
116.4173566964389
114.80483868554506
117.47747459737852
114.80483868554506
117.47747459737852
114.80483868554506
117.47747459737852
114.80483868554506
117.47747459737852
114.80483868554506
115.85809431237368
115.52529410809218
115.85809431237368
115.8470275763248
115.85809431237368
115.8470275763248
115.85809431237368
115.8470275763248
115.85809431237368
115.8470275763248
114.55785779156955
113.00108957311913
114.12077151122907
114.40172738603465
113.91236622846995
112.24244463714797
117.28406952154977
116.08641474551973
116.78191799993051
116.19707445936336
116.07295153905407
115.17253461532093
116.13862131735326
115.79222507061962
116.29472016431451
115.02545656455014
115.02047485012739
114.29685053121733
115.02047485012739
116.17751010878222
116.06947446804907
116.17751010878222
116.0165404611749
116.12642321074294
116.0165404611749
115.17436569893859
114.72530166444477
115.83914137174604
114.72530166444477
115.17436569893859
115.35450297186904
115.17436569893859
115.35450297186904
115.17436569893859
115.35450297186904
115.17436569893859
115.92289856946614
115.17436569893859
115.92289856946614
115.17436569893859
116.10768954990208
115.17436569893859
115.92289856946614
115.17436569893859
116.23491173920915
115.17436569893859
115.92289856946614
115.25080183472555
114.0831814884144
115.25080183472555
114.0831814884144
115.25080183472555
114.0831814884144
115.25080183472555
114.0831814884144
115.25080183472555
115.92289856946614
115.25080183472555
114.0831814884144
115.25080183472555
115.92289856946614
115.16545425896014
115.92289856946614
115.16545425896014
115.92289856946614
115.16545425896014
115.92289856946614
115.16545425896014
115.92289856946614
115.16545425896014
115.92289856946614
115.25080183472555
115.92289856946614
116.01657533575012
115.92289856946614
116.214820388834
115.92289856946614
116.214820388834
115.92289856946614
116.214820388834
115.92289856946614
116.214820388834
115.92289856946614
116.214820388834
115.92289856946614
116.214820388834
115.92289856946614
116.214820388834
115.92289856946614
116.214820388834
115.92289856946614
116.214820388834
115.92289856946614
116.214820388834
115.92289856946614
116.214820388834
115.92289856946614
116.214820388834
115.92289856946614
116.214820388834
114.55785779156955
113.00108957311913
114.12077151122907
114.40172738603465
113.8073365521493
112.24244463714797
117.28406952154977
116.08641474551973
116.78191799993051
116.15733215796541
114.9983575975738
116.29627348848791
116.1964652151203
116.22299155745077
116.1964652151203
116.01285101380309
116.34595131972733
115.96005325623155
116.34595131972733
115.96005325623155
116.34595131972733
115.96005325623155
116.34595131972733
115.96005325623155
116.34595131972733
115.96005325623155
116.34595131972733
115.96005325623155
116.34595131972733
115.96005325623155
116.34595131972733
115.96005325623155
116.34595131972733
115.96005325623155
116.34595131972733
115.96005325623155
116.34595131972733
115.96005325623155
116.34595131972733
115.96005325623155
116.34595131972733
115.96005325623155
116.34595131972733
115.96005325623155
116.34595131972733
116.89000414265944
116.11609437344258
116.89000414265944
116.11609437344258
116.89000414265944
116.11609437344258
116.89000414265944
116.11609437344258
116.89000414265944
117.07141050407648
117.24843462945643
117.07141050407648
117.24843462945643
117.07141050407648
117.24843462945643
117.07141050407648
117.24843462945643
117.07141050407648
117.24843462945643
117.07141050407648
117.24843462945643
117.07141050407648
117.4715657763417
117.12790597545022
116.97921709707998
117.12790597545022
116.97921709707998
117.12790597545022
116.97921709707998
117.12790597545022
116.97921709707998
117.12790597545022
110.61893826819173
115.51568636515505
110.61893826819173
117.10984819856463
115.2987032489638
116.06899393860833
115.2987032489638
116.06899393860833
115.2987032489638
115.13918519586638
115.2987032489638
115.13918519586638
115.2987032489638
114.98437343889857
115.2987032489638
116.06899393860833
115.2987032489638
116.06899393860833
115.2987032489638
116.06899393860833
115.2987032489638
116.06899393860833
115.2987032489638
114.55785779156955
113.00108957311913
114.12077151122907
114.40172738603465
113.8073365521493
112.24244463714797
114.66275745274261
116.08641474551973
116.78191799993051
114.69556132131635
115.18837797503738
115.92531776042111
115.05019298025674
114.18347293053165
114.61958406990914
114.20948800842433
114.81196066308684
115.13051097148399
116.1937404027876
115.74308516373412
115.61582076876608
115.74308516373412
115.61582076876608
115.74308516373412
115.61582076876608
115.74308516373412
116.40595015520505
115.74308516373412
116.40595015520505
115.74308516373412
115.61582076876608
115.74308516373412
115.61582076876608
115.74308516373412
115.61582076876608
115.74308516373412
115.67073568540657
115.74308516373412
115.61582076876608
115.74308516373412
115.61582076876608
115.74308516373412
115.61582076876608
115.74308516373412
115.61582076876608
115.74308516373412
115.61582076876608
115.74308516373412
115.61582076876608
115.74308516373412
115.61582076876608
115.74308516373412
115.61582076876608
115.74308516373412
115.61582076876608
115.74308516373412
115.61582076876608
115.74308516373412
115.61582076876608
115.74308516373412
115.61582076876608
115.74308516373412
115.61582076876608
115.74308516373412
115.61582076876608
115.74308516373412
115.61582076876608
115.74308516373412
115.61582076876608
115.74308516373412
115.61582076876608
115.74308516373412
115.61582076876608
115.74308516373412
115.61582076876608
115.74308516373412
115.61582076876608
115.74308516373412
115.61582076876608
115.74308516373412
115.61582076876608
115.74308516373412
115.61582076876608
115.74308516373412
116.40595015520505
116.19287786856457
116.40595015520505
116.19287786856457
116.40595015520505
116.19287786856457
116.40595015520505
116.19287786856457
116.40595015520505
116.19287786856457
116.40595015520505
116.19287786856457
116.40595015520505
116.10750948463495
116.40595015520505
116.10750948463495
114.55785779156955
113.00108957311913
114.12077151122907
114.40172738603465
113.8073365521493
112.24244463714797
114.66275745274261
116.08641474551973
114.25551639501481
114.72846701395069
115.21375094412393
114.87018866248158
115.7577798410944
114.86064178170763
114.89106879171248
115.096192159181
115.1917692529644
115.11176505954577
114.69206987469128
115.11176505954577
114.69206987469128
115.11176505954577
116.40833074049682
115.11176505954577
116.40833074049682
115.11176505954577
116.40833074049682
115.11176505954577
116.40833074049682
115.11176505954577
116.40833074049682
115.11176505954577
116.40833074049682
115.11176505954577
116.40833074049682
115.11176505954577
116.40833074049682
116.42753594281085
115.22829127424275
116.42753594281085
115.22829127424275
116.42753594281085
115.22829127424275
116.42753594281085
115.22829127424275
115.3985113041333
115.81025533592107
115.3985113041333
115.81025533592107
115.3985113041333
115.19559039149345
115.09111501301777
115.19559039149345
116.06242055832318
115.19559039149345
115.09111501301777
115.19559039149345
116.06242055832318
115.19559039149345
116.06242055832318
115.19559039149345
115.09111501301777
115.19559039149345
116.06242055832318
115.19559039149345
115.09111501301777
115.19559039149345
116.06242055832318
115.19559039149345
116.06242055832318
115.19559039149345
115.09111501301777
115.19559039149345
116.06242055832318
115.19559039149345
115.09111501301777
115.19559039149345
114.15698440496028
115.19559039149345
115.09111501301777
116.01373962357573
115.09111501301777
116.01373962357573
115.09111501301777
116.01373962357573
115.09111501301777
116.01373962357573
115.09111501301777
116.01373962357573
115.09111501301777
116.01373962357573
115.09111501301777
116.01373962357573
115.09111501301777
116.01373962357573
115.09111501301777
116.01373962357573
115.09111501301777
116.01373962357573
115.09111501301777
114.55785779156955
113.00108957311913
114.12077151122907
114.40172738603465
113.8073365521493
112.24244463714797
117.28406952154977
115.80851416050496
116.22359708558399
117.71065113662773
115.9814662487027
114.83808051473912
115.82106298684808
114.8997044878324
115.89305863517737
117.62291655234947
113.73376203820166
113.80903822689581
114.07536570226493
113.80903822689581
114.95410085021396
113.80903822689581
114.94961469812483
114.9622573779968
114.94961469812483
115.30070976981074
114.94961469812483
114.9622573779968
114.94961469812483
114.9622573779968
114.94961469812483
116.18955104477178
115.6780850882584
116.18955104477178
115.87434952515294
114.62481129967496
115.87434952515294
114.62481129967496
114.97790576218897
114.62481129967496
114.97790576218897
114.62481129967496
114.97790576218897
114.62481129967496
114.97790576218897
114.62481129967496
114.97790576218897
114.62481129967496
114.97790576218897
114.62481129967496
115.87434952515294
114.62481129967496
115.87434952515294
114.62481129967496
115.87434952515294
114.62481129967496
114.05717083230753
114.62481129967496
113.74787457425514
114.49140494276874
113.74787457425514
114.67522533668969
113.74787457425514
114.49140494276874
113.74787457425514
114.99447026606525
115.02244436214762
114.99447026606525
115.18824356074485
114.99447026606525
116.93722513933506
117.18791411878293
116.93722513933506
117.18791411878293
116.93722513933506
117.18791411878293
116.93722513933506
117.18791411878293
116.93722513933506
117.18791411878293
116.93722513933506
117.31454584071545
116.93722513933506
117.31454584071545
116.93722513933506
117.31454584071545
116.93722513933506
117.31454584071545
116.93722513933506
117.31454584071545
116.93722513933506
117.31454584071545
116.93722513933506
117.31454584071545
116.93722513933506
117.31454584071545
116.93722513933506
117.31454584071545
116.93722513933506
117.31454584071545
114.96871873138076
114.74519581619533
113.91657576048503
113.29402897193403
114.96154546028941
116.18174128318458
117.56394422255576
116.2939065984361
116.22359708558399
117.71065113662773
115.9814662487027
117.24892472616435
117.06900880755157
116.22249162244428
117.06900880755157
116.22249162244428
116.26115166449564
117.25700046667941
116.30022136737342
115.90362743266535
116.18998511798024
116.07880732938663
117.34683175360625
116.29116579711494
117.34683175360625
115.22248807930053
116.19438064200976
117.22760313994421
116.19438064200976
117.22760313994421
116.19438064200976
117.22760313994421
116.19438064200976
117.22760313994421
116.19438064200976
117.22760313994421
116.19438064200976
117.22760313994421
116.19438064200976
117.22760313994421
116.19438064200976
116.41487651976351
116.19438064200976
116.41487651976351
116.19438064200976
117.22760313994421
116.19438064200976
117.22760313994421
116.19438064200976
117.22760313994421
116.19438064200976
117.39209507186186
116.19438064200976
117.39209507186186
116.19438064200976
117.39209507186186
116.19438064200976
117.39209507186186
116.19438064200976
117.39209507186186
116.19438064200976
117.39209507186186
116.19438064200976
117.39209507186186
116.19438064200976
117.39209507186186
116.19438064200976
117.39209507186186
116.19438064200976
117.39209507186186
116.19438064200976
117.39209507186186
116.19438064200976
117.39209507186186
116.19438064200976
117.39209507186186
116.19438064200976
117.39209507186186
116.19438064200976
117.39209507186186
116.19438064200976
117.39209507186186
116.19438064200976
117.39209507186186
116.19438064200976
117.39209507186186
116.19438064200976
117.39209507186186
116.19438064200976
117.39209507186186
116.19438064200976
117.39209507186186
116.19438064200976
117.39209507186186
116.19438064200976
117.39209507186186
116.19438064200976
117.39209507186186
116.19438064200976
117.39209507186186
114.96871873138076
114.74519581619533
113.91657576048503
113.29402897193403
114.96154546028941
116.18174128318458
117.56394422255576
117.09370199209559
116.22359708558399
117.71065113662773
115.0536843578748
115.9935956939273
116.1633861511707
116.91215655002087
116.1633861511707
116.91215655002087
116.1633861511707
116.91215655002087
116.1633861511707
116.91215655002087
116.1633861511707
116.91215655002087
116.1633861511707
116.91215655002087
116.1633861511707
116.91215655002087
116.1633861511707
116.91215655002087
116.1633861511707
116.91215655002087
116.1633861511707
116.91215655002087
116.1633861511707
116.91215655002087
116.1633861511707
116.91215655002087
116.1633861511707
116.91215655002087
116.1633861511707
116.91215655002087
116.1633861511707
116.91215655002087
116.1633861511707
116.91215655002087
116.1633861511707
116.91215655002087
116.1633861511707
116.91215655002087
116.1633861511707
116.91215655002087
116.1633861511707
116.91215655002087
116.1633861511707
116.91215655002087
116.1633861511707
116.03395512523741
114.98214583561241
115.96850269404965
114.98214583561241
115.96850269404965
115.78838972998577
115.19201428970466
116.25208771922556
115.19201428970466
116.06457005524607
115.26582154432352
115.69897035309913
115.26582154432352
115.69897035309913
115.26582154432352
115.69897035309913
115.26582154432352
115.69897035309913
115.26582154432352
115.69897035309913
115.26582154432352
115.69897035309913
114.94092237244905
115.69897035309913
114.94092237244905
115.69897035309913
114.94092237244905
115.69897035309913
115.26582154432352
115.69897035309913
115.26582154432352
116.27623652805717
115.26582154432352
116.05449948583885
116.09315091365212
116.05449948583885
116.09315091365212
116.05449948583885
116.09315091365212
116.05449948583885
116.09315091365212
116.05449948583885
116.09315091365212
116.05449948583885
116.09315091365212
114.55785779156955
113.00108957311913
114.12077151122907
114.40172738603465
113.8073365521493
115.03082131055899
115.90411456448062
114.91522882242285
114.56264187398527
114.04268941431944
114.52543488984111
115.00516795703078
115.01165028711144
115.1494440218602
117.37664985466817
113.88869563014404
115.20740029351647
116.24009252641838
115.20740029351647
116.24009252641838
115.20740029351647
116.24009252641838
115.20740029351647
116.24009252641838
116.13834666217144
115.8869626547063
116.04823351639817
116.05993598571186
116.04823351639817
116.33780477544133
115.04221400021856
116.33780477544133
114.80283440062482
115.97592289362589
114.80283440062482
115.20920444925687
114.80283440062482
115.20920444925687
114.80283440062482
115.97592289362589
114.80283440062482
115.76904246666129
114.80283440062482
115.76904246666129
114.80283440062482
115.76904246666129
114.80283440062482
115.76904246666129
114.80283440062482
115.76904246666129
114.80283440062482
115.97592289362589
114.80283440062482
115.97592289362589
114.80283440062482
115.97592289362589
115.81090313018831
115.97592289362589
115.81090313018831
115.97592289362589
115.00381513405989
115.97592289362589
115.00381513405989
115.97592289362589
115.00381513405989
115.97592289362589
115.81090313018831
114.68958591100412
115.81090313018831
115.25742425186546
115.81090313018831
115.25742425186546
115.81090313018831
114.68958591100412
115.81090313018831
114.68958591100412
115.07044844375089
114.68958591100412
115.07044844375089
114.68958591100412
115.07044844375089
114.68958591100412
115.07044844375089
114.68958591100412
115.07044844375089
115.25742425186546
115.07044844375089
115.25742425186546
115.07044844375089
115.25742425186546
115.07044844375089
115.25742425186546
115.07044844375089
114.98198293684119
114.76615264956371
114.98198293684119
115.76291033639454
114.98198293684119
115.18504127192695
114.98198293684119
114.55785779156955
113.00108957311913
114.12077151122907
114.40172738603465
113.8073365521493
115.03082131055899
116.15528096668665
115.80851416050496
114.25551639501481
117.19589138664155
115.98170393732674
114.95096751394694
116.19255471070129
116.14011732318441
116.19255471070129
116.14011732318441
116.19255471070129
115.6014925416971
116.19124624738929
116.03944904909844
116.14537522910945
116.03944904909844
116.14537522910945
116.03944904909844
116.14537522910945
116.03944904909844
116.14537522910945
116.03944904909844
116.14537522910945
116.03944904909844
116.14537522910945
116.03944904909844
116.14537522910945
116.03944904909844
116.14537522910945
116.03944904909844
116.14537522910945
116.03944904909844
116.14537522910945
116.03944904909844
116.14537522910945
116.03944904909844
116.14537522910945
116.03944904909844
116.14537522910945
116.03944904909844
117.72824812621555
115.2774712103575
117.72824812621555
115.2774712103575
117.72824812621555
115.91948970010735
117.72824812621555
115.91948970010735
117.72824812621555
115.21305073827065
115.99486579168709
115.21305073827065
115.99486579168709
115.21305073827065
115.99486579168709
115.21305073827065
115.99486579168709
115.21305073827065
115.88460944230405
115.21305073827065
115.88460944230405
115.21305073827065
115.88460944230405
115.21305073827065
115.88460944230405
115.21305073827065
115.88460944230405
115.21305073827065
115.99486579168709
115.21305073827065
115.88460944230405
115.21305073827065
115.91112803135279
115.21305073827065
115.91112803135279
115.21305073827065
114.05174818813323
115.21305073827065
115.88460944230405
115.21305073827065
115.75210288741553
115.15000353229327
115.75210288741553
116.1700355181529
115.75210288741553
116.13103985180948
115.75210288741553
116.13103985180948
115.75210288741553
115.83225881447666
115.75210288741553
115.83225881447666
115.75210288741553
115.83225881447666
114.55785779156955
113.00108957311913
114.12077151122907
114.40172738603465
113.8073365521493
115.03082131055899
116.15528096668665
115.80851416050496
116.33071890806987
116.41122420817345
115.05102570757592
115.90115062449762
115.05102570757592
115.90115062449762
115.05102570757592
115.90115062449762
115.05102570757592
115.90115062449762
115.05102570757592
115.07685790884955
115.05102570757592
115.07685790884955
115.05102570757592
111.21397640008266
116.15738304779988
111.21397640008266
116.15738304779988
116.44046551402111
115.306043329129
116.45547958650235
115.23937454924933
116.45547958650235
116.06131733655587
116.45547958650235
116.06131733655587
116.45547958650235
114.85167422038917
114.4371539789422
115.15625644990688
114.4371539789422
115.15625644990688
114.4371539789422
114.85167422038917
115.61544798826921
114.85167422038917
115.61544798826921
114.85167422038917
115.61544798826921
114.85167422038917
115.61544798826921
114.85167422038917
115.61544798826921
114.85167422038917
115.61544798826921
114.85167422038917
115.61544798826921
114.85167422038917
116.45547958650235
114.85167422038917
116.45547958650235
114.85167422038917
116.45547958650235
114.85167422038917
116.45547958650235
114.85167422038917
117.39922176031048
115.13253176113516
117.39922176031048
116.26823932518346
116.19863605365184
116.26823932518346
116.19863605365184
116.26823932518346
116.19863605365184
116.26823932518346
116.19863605365184
116.26823932518346
116.19863605365184
116.26823932518346
116.19863605365184
116.26823932518346
116.12264228252528
116.26823932518346
116.12264228252528
116.26823932518346
116.12264228252528
116.26823932518346
116.12264228252528
116.26823932518346
116.12264228252528
116.26823932518346
116.12264228252528
116.26823932518346
116.12264228252528
116.26823932518346
116.12264228252528
116.26823932518346
116.12264228252528
116.26823932518346
114.3638176202989
114.55785779156955
113.00108957311913
114.12077151122907
114.40172738603465
113.8073365521493
115.03082131055899
116.15528096668665
116.22608910117431
114.84485995424261
116.19502907421901
116.42519197104129
116.1830071189171
114.88893928729472
115.96477321652462
116.22671367290909
115.88836075990629
115.84468669868866
109.43529635624874
115.78530404281243
115.84057030562231
115.97950778397022
115.84057030562231
115.97950778397022
115.84057030562231
115.97950778397022
115.84057030562231
115.06782854056932
114.84543540761186
115.06782854056932
115.83091324677908
114.8010007629273
115.83091324677908
114.8010007629273
115.83091324677908
114.8010007629273
115.83091324677908
114.8010007629273
115.83091324677908
115.02541174690398
115.83091324677908
114.8010007629273
115.79039242628582
114.8010007629273
115.79039242628582
114.8010007629273
115.79039242628582
114.8010007629273
115.79039242628582
114.8010007629273
115.79039242628582
114.8010007629273
115.79039242628582
114.8010007629273
115.79039242628582
114.8010007629273
115.79039242628582
114.8010007629273
115.79039242628582
114.8010007629273
115.83091324677908
115.02541174690398
115.83091324677908
114.90797450535858
115.83091324677908
115.02541174690398
115.83091324677908
115.02541174690398
115.83091324677908
115.02541174690398
115.83091324677908
114.90797450535858
115.83091324677908
115.02541174690398
115.83091324677908
116.21474921318398
115.01790020363447
116.21474921318398
115.01790020363447
116.21474921318398
113.13129343524565
116.21474921318398
115.01790020363447
116.21474921318398
116.05208311302394
116.26124451790223
116.05208311302394
116.26124451790223
116.05208311302394
116.26124451790223
116.05208311302394
116.26124451790223
116.05208311302394
116.26124451790223
116.05208311302394
116.26124451790223
116.05208311302394
116.26124451790223
116.05208311302394
116.26124451790223
116.05208311302394
114.55785779156955
113.00108957311913
114.12077151122907
114.40172738603465
113.8073365521493
115.03082131055899
116.15528096668665
115.63923205699176
115.21558147042641
116.45278602277625
116.06802417255733
116.11411908051583
116.06802417255733
116.11411908051583
116.06802417255733
116.11411908051583
116.06802417255733
116.11411908051583
116.06802417255733
116.11411908051583
116.06802417255733
116.11411908051583
116.06802417255733
116.11411908051583
116.06802417255733
116.11411908051583
116.06802417255733
116.21954100341948
116.16205583746097
116.21954100341948
116.16205583746097
116.21954100341948
116.16205583746097
116.21954100341948
116.10456568455328
116.21954100341948
116.16205583746097
116.21954100341948
116.10456568455328
116.21954100341948
116.10456568455328
116.21954100341948
116.16205583746097
116.21954100341948
116.16205583746097
116.21954100341948
116.16205583746097
116.21954100341948
116.10456568455328
116.21954100341948
116.16205583746097
116.21954100341948
116.16205583746097
116.21954100341948
115.97937182684909
116.2405028462967
115.97937182684909
116.74468874432263
116.10300959574396
116.74468874432263
116.10300959574396
116.74468874432263
116.10300959574396
116.74468874432263
116.10300959574396
116.74468874432263
116.10300959574396
116.74468874432263
116.10300959574396
116.74468874432263
116.10300959574396
116.74468874432263
116.10300959574396
116.74468874432263
116.10300959574396
116.74468874432263
116.10300959574396
116.74468874432263
116.10300959574396
116.74468874432263
116.10300959574396
116.74468874432263
116.10300959574396
116.74468874432263
116.10300959574396
116.74468874432263
114.99925646593974
116.01775800669658
114.99925646593974
116.01775800669658
114.99925646593974
116.74468874432263
114.99925646593974
116.74468874432263
114.99925646593974
116.01775800669658
114.99925646593974
116.01775800669658
114.99925646593974
116.01775800669658
114.96871873138076
114.74519581619533
113.91657576048503
113.29402897193403
114.96154546028941
116.18174128318458
115.01675895912865
116.20042590797074
117.46061563450978
116.06754833608242
117.46061563450978
116.06754833608242
117.46061563450978
116.06754833608242
117.46061563450978
116.06754833608242
117.46061563450978
116.06754833608242
117.46061563450978
116.06754833608242
117.46061563450978
116.06754833608242
117.46061563450978
116.06754833608242
117.46061563450978
117.03456639127903
117.46278880184401
117.03456639127903
117.46278880184401
117.03456639127903
117.46278880184401
117.03456639127903
117.46061563450978
117.03456639127903
117.46061563450978
117.03456639127903
117.46061563450978
117.03456639127903
117.46061563450978
117.03456639127903
117.46061563450978
117.03456639127903
117.46278880184401
117.03456639127903
117.46278880184401
117.03456639127903
117.46278880184401
117.03456639127903
117.46278880184401
117.03456639127903
117.29440332796288
117.42601188598637
117.29440332796288
117.42601188598637
117.29440332796288
117.42601188598637
117.29440332796288
117.42601188598637
117.29440332796288
117.42601188598637
117.29440332796288
117.42601188598637
117.29440332796288
117.42601188598637
117.29440332796288
117.42601188598637
117.29440332796288
117.42601188598637
117.29440332796288
117.42601188598637
117.29440332796288
117.42601188598637
117.29440332796288
117.42601188598637
117.29440332796288
117.42601188598637
117.29440332796288
117.42601188598637
117.29440332796288
117.42601188598637
117.29440332796288
117.42601188598637
117.29440332796288
117.42601188598637
117.29440332796288
117.42601188598637
117.29440332796288
117.42601188598637
117.29440332796288
117.42601188598637
117.29440332796288
117.42601188598637
116.27655002862983
117.42601188598637
116.27655002862983
117.42601188598637
117.29440332796288
117.42601188598637
117.29440332796288
117.42601188598637
114.96871873138076
114.74519581619533
113.91657576048503
113.29402897193403
114.96154546028941
116.18174128318458
117.52436654282677
118.28314841128305
117.51077160455287
117.13943798588927
116.00348497400755
117.13943798588927
116.00348497400755
117.13943798588927
116.00348497400755
117.13943798588927
117.51077160455287
116.20042590797074
117.51077160455287
116.20042590797074
117.51077160455287
116.09366269233564
116.81030406348032
116.09366269233564
118.15824134869798
116.09366269233564
118.15824134869798
116.09366269233564
118.15824134869798
116.09366269233564
118.15824134869798
116.09366269233564
118.15824134869798
116.09366269233564
118.15824134869798
116.09366269233564
118.15824134869798
116.09366269233564
118.15824134869798
116.09366269233564
118.15824134869798
116.09366269233564
118.15824134869798
116.09366269233564
118.15824134869798
116.09366269233564
118.15824134869798
116.09366269233564
118.15824134869798
116.09366269233564
118.15824134869798
116.09366269233564
118.15824134869798
116.09366269233564
118.15824134869798
116.09366269233564
118.15824134869798
116.09366269233564
118.15824134869798
116.09366269233564
118.15824134869798
116.09366269233564
118.15824134869798
116.09366269233564
118.15824134869798
116.09366269233564
118.15824134869798
116.09366269233564
118.15824134869798
116.09366269233564
118.15824134869798
116.09366269233564
118.15824134869798
116.09366269233564
118.15824134869798
116.09366269233564
118.15824134869798
116.09366269233564
118.15824134869798
116.09366269233564
118.15824134869798
116.09366269233564
118.15824134869798
112.97181581806603
116.23797099130933
112.97181581806603
116.23797099130933
112.97181581806603
116.23797099130933
112.97181581806603
116.23797099130933
112.97181581806603
117.15280617784191
116.59725974023848
116.36284359596581
116.59725974023848
116.36284359596581
116.59725974023848
116.36284359596581
116.59725974023848
114.96871873138076
114.74519581619533
113.91657576048503
113.29402897193403
114.96154546028941
116.18174128318458
116.20190144471849
118.28314841128305
115.89508575386768
116.26500456227737
117.2556251700129
115.29905066419904
117.00057321142752
116.27781422733949
117.00057321142752
116.59725974023848
116.36284359596581
116.59725974023848
116.36284359596581
116.59725974023848
117.15280617784191
116.59725974023848
117.15280617784191
116.59725974023848
117.15280617784191
116.59725974023848
117.15280617784191
116.59725974023848
116.36284359596581
116.59725974023848
116.36284359596581
116.59725974023848
116.36284359596581
116.59725974023848
116.36284359596581
116.59725974023848
116.36284359596581
116.59725974023848
116.36284359596581
116.59725974023848
117.15280617784191
116.59725974023848
117.15280617784191
116.59725974023848
117.15280617784191
116.59725974023848
117.15280617784191
116.59725974023848
117.15280617784191
116.59725974023848
117.15280617784191
116.59725974023848
117.15280617784191
116.59725974023848
117.15280617784191
116.59725974023848
117.15280617784191
116.59725974023848
117.15280617784191
116.59725974023848
117.15280617784191
116.59725974023848
117.15280617784191
116.59725974023848
117.15280617784191
116.59725974023848
117.15280617784191
116.59725974023848
117.15280617784191
116.59725974023848
117.15280617784191
116.59725974023848
117.15280617784191
116.59725974023848
117.15280617784191
116.59725974023848
117.15280617784191
116.59725974023848
117.15280617784191
116.59725974023848
117.15280617784191
116.59725974023848
116.28215522505681
116.42379838874338
117.18031649547092
116.42379838874338
117.18031649547092
116.42379838874338
117.18031649547092
116.42379838874338
117.18031649547092
116.42379838874338
117.18031649547092
116.42379838874338
117.18031649547092
116.42379838874338
117.18031649547092
116.42379838874338
117.18031649547092
116.42379838874338
114.55785779156955
113.00108957311913
114.12077151122907
114.40172738603465
113.8073365521493
115.03082131055899
117.13807900824928
116.08042506927274
116.02242446974725
117.49016034771185
117.27392267575746
116.43311658996362
117.27392267575746
116.43311658996362
117.27392267575746
116.43311658996362
117.27392267575746
116.43311658996362
117.27392267575746
117.49016034771185
117.18206223146126
117.49016034771185
116.1892534895077
115.96306001179066
117.18031649547092
115.96306001179066
117.18031649547092
115.96306001179066
117.18031649547092
115.96306001179066
117.18031649547092
115.96306001179066
117.18031649547092
115.96306001179066
117.18031649547092
115.96306001179066
116.3813477603792
115.96306001179066
117.18031649547092
115.96306001179066
117.18031649547092
115.96306001179066
117.18031649547092
115.96306001179066
116.39077253859712
117.31473051980784
116.39077253859712
117.31473051980784
116.39077253859712
117.31473051980784
116.39077253859712
117.31473051980784
116.39077253859712
117.31473051980784
116.39077253859712
117.31473051980784
116.39077253859712
117.31473051980784
116.39077253859712
117.31473051980784
116.39077253859712
117.31473051980784
116.39077253859712
117.31473051980784
116.39077253859712
117.31473051980784
116.39077253859712
117.01276168277077
116.39077253859712
117.31473051980784
116.39077253859712
117.31473051980784
116.39077253859712
114.1554242195957
116.22581165561591
114.1554242195957
116.22581165561591
114.1554242195957
116.22581165561591
114.1554242195957
116.22581165561591
114.1554242195957
116.22581165561591
114.1554242195957
116.22581165561591
114.1554242195957
116.22581165561591
114.1554242195957
116.22581165561591
114.1554242195957
116.22581165561591
114.1554242195957
116.22581165561591
117.36552847129705
114.74797580544566
117.36552847129705
117.16991495242289
116.09340854456194
117.16991495242289
116.09340854456194
114.55785779156955
113.00108957311913
114.12077151122907
114.40172738603465
113.8073365521493
115.03082131055899
117.13807900824928
116.08042506927274
116.02242446974725
116.1788416265402
116.26727643972272
117.56021015405656
116.3250941220786
116.22925366506676
116.3250941220786
116.22925366506676
116.3250941220786
116.22925366506676
116.3250941220786
116.22925366506676
114.87341875209196
117.195688358909
117.21856563514048
117.195688358909
117.21856563514048
117.195688358909
117.2986722468882
117.195688358909
117.2986722468882
117.195688358909
117.2986722468882
117.195688358909
117.21856563514048
117.195688358909
117.21856563514048
117.195688358909
117.21856563514048
117.195688358909
116.04737120748284
117.195688358909
117.13870304567293
117.195688358909
117.13870304567293
117.195688358909
117.13870304567293
117.07974056328135
117.13870304567293
117.07974056328135
117.13870304567293
117.07974056328135
117.13870304567293
117.07974056328135
117.13870304567293
117.07974056328135
117.13870304567293
117.07974056328135
117.13870304567293
117.07974056328135
117.13870304567293
117.07974056328135
117.13870304567293
117.07974056328135
117.13870304567293
117.07974056328135
117.13870304567293
117.07974056328135
117.13870304567293
117.07974056328135
117.13870304567293
117.07974056328135
117.13870304567293
117.07974056328135
117.13870304567293
117.07974056328135
117.13870304567293
117.07974056328135
117.13870304567293
117.07974056328135
117.13870304567293
117.07974056328135
117.13870304567293
117.07974056328135
117.13870304567293
117.07974056328135
117.13870304567293
117.07974056328135
117.13870304567293
117.07974056328135
117.13870304567293
117.07974056328135
117.13870304567293
117.07974056328135
117.13870304567293
117.07974056328135
117.13870304567293
117.07974056328135
117.13870304567293
117.07974056328135
117.13870304567293
117.07974056328135
114.96871873138076
114.74519581619533
113.91657576048503
113.29402897193403
114.96154546028941
116.18174128318458
116.20190144471849
117.17541002696719
116.93684967569067
116.26500456227737
117.29825607261667
117.42601188598637
116.27655002862983
117.42601188598637
116.27655002862983
117.42601188598637
116.27655002862983
117.42601188598637
116.27655002862983
117.42601188598637
116.27655002862983
117.42601188598637
116.27655002862983
117.42601188598637
116.27655002862983
117.42601188598637
116.27655002862983
117.42601188598637
116.27655002862983
117.42601188598637
116.27655002862983
117.42601188598637
117.1446397665526
117.42601188598637
117.1446397665526
117.42601188598637
117.1446397665526
117.42601188598637
117.1446397665526
117.0899526973257
117.1446397665526
117.0899526973257
117.1446397665526
117.0899526973257
117.1446397665526
117.0899526973257
117.1446397665526
117.0899526973257
117.1446397665526
117.0899526973257
117.1446397665526
117.0899526973257
117.1446397665526
117.0899526973257
117.1446397665526
117.0899526973257
117.1446397665526
117.0899526973257
117.1446397665526
117.0899526973257
117.1446397665526
117.0899526973257
117.1446397665526
117.0899526973257
117.1446397665526
117.0899526973257
117.1446397665526
117.0899526973257
117.1446397665526
117.0899526973257
117.1446397665526
117.0899526973257
117.1446397665526
117.0899526973257
117.1446397665526
117.0899526973257
117.1446397665526
117.0899526973257
117.1446397665526
117.0899526973257
117.1446397665526
117.0899526973257
117.1446397665526
117.0899526973257
117.1446397665526
117.0899526973257
117.1446397665526
117.0899526973257
117.1446397665526
117.0899526973257
117.1446397665526
117.0899526973257
117.1446397665526
117.0899526973257
117.1446397665526
117.0899526973257
117.1446397665526
117.0899526973257
117.1446397665526
117.0899526973257
114.96871873138076
114.74519581619533
113.91657576048503
113.29402897193403
114.96154546028941
116.18174128318458
116.20190144471849
115.94630845898911
115.10819972478951
116.26500456227737
117.46278880184401
116.06754833608242
117.46278880184401
116.06754833608242
117.46278880184401
116.06754833608242
117.46278880184401
117.42601188598637
116.27655002862983
117.42601188598637
116.27655002862983
117.42601188598637
116.27655002862983
117.42601188598637
116.27655002862983
117.42601188598637
116.27655002862983
117.42601188598637
116.27655002862983
117.42601188598637
116.27655002862983
117.42601188598637
117.1446397665526
117.42601188598637
117.1446397665526
117.42601188598637
117.1446397665526
117.42601188598637
117.1446397665526
117.42601188598637
117.1446397665526
117.42601188598637
117.1446397665526
117.42601188598637
117.1446397665526
117.42601188598637
117.1446397665526
117.42601188598637
117.1446397665526
117.42601188598637
117.1446397665526
117.42601188598637
117.1446397665526
117.42601188598637
117.1446397665526
117.42601188598637
117.1446397665526
117.42601188598637
117.1446397665526
117.42601188598637
117.1446397665526
117.42601188598637
117.1446397665526
117.42601188598637
117.1446397665526
117.42601188598637
117.1446397665526
117.42601188598637
117.1446397665526
117.42601188598637
117.1446397665526
117.42601188598637
117.1446397665526
117.42601188598637
117.1446397665526
117.42601188598637
117.1446397665526
117.42601188598637
117.1446397665526
117.42601188598637
117.1446397665526
117.42601188598637
117.1446397665526
117.42601188598637
117.1446397665526
117.42601188598637
117.1446397665526
117.42601188598637
117.1446397665526
117.42601188598637
117.1446397665526
117.42601188598637
117.1446397665526
117.42601188598637
117.1446397665526
117.42601188598637
117.1446397665526
117.42601188598637
117.1446397665526
117.42601188598637
114.96871873138076
114.74519581619533
113.91657576048503
113.29402897193403
114.96154546028941
116.18174128318458
116.20190144471849
118.28314841128305
115.89508575386768
115.03970382410962
115.17600586285864
117.42601188598637
117.1446397665526
117.42601188598637
117.1446397665526
117.42601188598637
117.1446397665526
117.42601188598637
117.1446397665526
117.42601188598637
117.1446397665526
117.42601188598637
117.1446397665526
117.42601188598637
117.1446397665526
117.42601188598637
117.1446397665526
117.42601188598637
117.1446397665526
117.42601188598637
117.1446397665526
116.19143984462552
116.50979447553345
116.19143984462552
116.50979447553345
116.19143984462552
115.65074510337735
105.27459504176304
115.65074510337735
105.27212596350819
111.86611984790616
105.27212596350819
116.12319795689426
118.3561333079789
117.39964437941472
118.3561333079789
117.39964437941472
118.3561333079789
117.39964437941472
118.3561333079789
117.39964437941472
118.3561333079789
117.39964437941472
118.3561333079789
117.39964437941472
118.3561333079789
117.07515883364103
118.3561333079789
117.07515883364103
118.3561333079789
117.39964437941472
118.3561333079789
117.39964437941472
118.3561333079789
117.39964437941472
118.3561333079789
117.39964437941472
118.3561333079789
117.39964437941472
118.3561333079789
117.39964437941472
118.3561333079789
117.39964437941472
118.3561333079789
117.39964437941472
118.3561333079789
117.39964437941472
118.3561333079789
117.39964437941472
118.3561333079789
117.39964437941472
118.3561333079789
117.39964437941472
118.3561333079789
117.39964437941472
118.3561333079789
117.39964437941472
118.3561333079789
117.39964437941472
118.3561333079789
117.39964437941472
118.3561333079789
117.39964437941472
118.3561333079789
117.39964437941472
118.3561333079789
117.39964437941472
118.3561333079789
117.39964437941472
118.3561333079789
114.96871873138076
114.74519581619533
113.91657576048503
113.29402897193403
114.96154546028941
116.18174128318458
116.34485173698131
116.41592787549868
117.07103473946584
116.54089088490822
117.17776264349469
117.06984326357193
117.1446397665526
116.45139016588513
116.60395621271422
116.45139016588513
116.60395621271422
116.45139016588513
116.60395621271422
116.45139016588513
116.60395621271422
116.45139016588513
116.60395621271422
116.45139016588513
116.32592384119185
116.25453728758437
116.32592384119185
115.27993596676004
116.32592384119185
116.25453728758437
116.32592384119185
116.25453728758437
116.32592384119185
116.25453728758437
116.32592384119185
116.25453728758437
116.32592384119185
116.25453728758437
116.32592384119185
115.27993596676004
116.32592384119185
116.25453728758437
116.32592384119185
116.32642876708525
117.05777653487858
116.32642876708525
117.05777653487858
116.32642876708525
117.05777653487858
116.32642876708525
117.05777653487858
116.32642876708525
117.05777653487858
116.32642876708525
117.05777653487858
116.32642876708525
117.05777653487858
116.32642876708525
117.05777653487858
116.32642876708525
117.05777653487858
116.32642876708525
117.05777653487858
116.32642876708525
117.05777653487858
116.32642876708525
117.05777653487858
116.32642876708525
117.05777653487858
116.32642876708525
117.05777653487858
116.32642876708525
117.05777653487858
116.32642876708525
117.05777653487858
116.32642876708525
117.05777653487858
116.32642876708525
117.05777653487858
116.32642876708525
117.05777653487858
116.32642876708525
117.05777653487858
116.32642876708525
117.05777653487858
116.32642876708525
117.05777653487858
116.32642876708525
117.05777653487858
116.32642876708525
117.05777653487858
116.32642876708525
115.6950991067753
116.32642876708525
115.6950991067753
116.32642876708525
115.6950991067753
116.32642876708525
115.6950991067753
116.32642876708525
